[gd_scene load_steps=15 format=3 uid="uid://cc6ij0vhq6iyh"]

[ext_resource type="Script" path="res://main/Main.cs" id="1_11si0"]
[ext_resource type="Environment" uid="uid://cefclkylmgwxx" path="res://main/main_environment.tres" id="2_3coom"]
[ext_resource type="PackedScene" uid="uid://li41t3qh0gpx" path="res://dolphin/dolphin.tscn" id="2_ofsg3"]
[ext_resource type="Shader" uid="uid://xya1p4bapeha" path="res://water/water_caustic_visualshader.tres" id="5_aptly"]
[ext_resource type="PackedScene" uid="uid://dosonc0o3fxy5" path="res://terrain/terrain.tscn" id="5_flkfk"]
[ext_resource type="PackedScene" uid="uid://boonqn8pmnf32" path="res://kevin/fish_swarm_guide.tscn" id="6_gbhga"]
[ext_resource type="PackedScene" uid="uid://stofy3ce1kuw" path="res://boats/camo_boat.tscn" id="7_82of6"]
[ext_resource type="PackedScene" uid="uid://dd35f5c64qkfl" path="res://boats/flag_boat.tscn" id="8_jtem8"]
[ext_resource type="PackedScene" uid="uid://c3p3ma6lp7k1h" path="res://boats/russian_boat.tscn" id="8_scbwa"]
[ext_resource type="PackedScene" uid="uid://bth55vlfy2a5l" path="res://boats/yellow_striped_boat.tscn" id="9_aahfs"]
[ext_resource type="PackedScene" uid="uid://cedh0ufnngimr" path="res://nathan/audio_stream_player.tscn" id="9_w7vuu"]

[sub_resource type="StandardMaterial3D" id="StandardMaterial3D_y0os8"]
transparency = 1
albedo_color = Color(0.777294, 0.483036, 0.0763826, 0.176471)

[sub_resource type="PlaneMesh" id="PlaneMesh_g2oyq"]
material = SubResource("StandardMaterial3D_y0os8")
size = Vector2(5000, 5000)

[sub_resource type="ShaderMaterial" id="ShaderMaterial_ymolu"]
render_priority = 0
shader = ExtResource("5_aptly")
shader_parameter/Speed = 0.3
shader_parameter/Scale = 26.12
shader_parameter/Scale2 = 19.68
shader_parameter/CausticOpacity = 0.2
shader_parameter/ColorParameter = Color(1, 0.709804, 1, 1)

[node name="Main" type="Node3D"]
script = ExtResource("1_11si0")

[node name="DirectionalLight3D" type="DirectionalLight3D" parent="."]
transform = Transform3D(-0.866025, -0.433013, 0.25, 0, 0.5, 0.866025, -0.5, 0.75, -0.433013, 0, 0, 0)
shadow_enabled = true

[node name="WorldEnvironment" type="WorldEnvironment" parent="."]
environment = ExtResource("2_3coom")

[node name="WaterSurface" type="MeshInstance3D" parent="."]
transform = Transform3D(1, 0, 0, 0, 1, 0, 0, 0, 1, 1000, 0, 1000)
mesh = SubResource("PlaneMesh_g2oyq")
surface_material_override/0 = SubResource("ShaderMaterial_ymolu")

[node name="Dolphin" parent="." instance=ExtResource("2_ofsg3")]
unique_name_in_owner = true
transform = Transform3D(1, 0, 0, 0, 1, 0, 0, 0, 1, 0, -144.469, 0)
axis_lock_angular_x = true
axis_lock_angular_y = true
axis_lock_angular_z = true

[node name="Terrain" type="Node3D" parent="."]
unique_name_in_owner = true
transform = Transform3D(1, 0, 0, 0, 1, 0, 0, 0, 1, 0, 350, 0)

[node name="UnderwaterTerrain" parent="Terrain" instance=ExtResource("5_flkfk")]
unique_name_in_owner = true
transform = Transform3D(1, 0, 0, 0, 0.92388, -0.382683, 0, 0.382683, 0.92388, 0, -1500, 0)

[node name="UnderwaterTerrain2" parent="Terrain" instance=ExtResource("5_flkfk")]
unique_name_in_owner = true
transform = Transform3D(0.978148, 0.0795644, 0.192085, 0, 0.92388, -0.382684, -0.207912, 0.374321, 0.903691, 2450, -1500, 0)

[node name="UnderwaterTerrain3" parent="Terrain" instance=ExtResource("5_flkfk")]
unique_name_in_owner = true
transform = Transform3D(-1, 0, -8.74228e-08, 0, 1, 0, 8.74228e-08, 0, -1, 0, -1750, 2500)

[node name="UnderwaterTerrain4" parent="Terrain" instance=ExtResource("5_flkfk")]
unique_name_in_owner = true
transform = Transform3D(-0.987136, -0.0277631, -0.157452, 0, 0.984808, -0.173648, 0.159881, -0.171414, -0.972139, 1950, -1502.05, 2500)

[node name="Boats" type="Node3D" parent="."]

[node name="CamoBoats" type="Node3D" parent="Boats"]
transform = Transform3D(1, 0, 0, 0, 1, 0, 0, 0, 1, 1250, 0, 1250)

[node name="CamoBoat" parent="Boats/CamoBoats" instance=ExtResource("7_82of6")]
transform = Transform3D(0.114937, 0, -0.993373, 0, 1, 0, 0.993373, 0, 0.114937, 200, 0, 0)
_boatSpeed = 15.0
_changeTargetInterval = 25.0

[node name="CamoBoat2" parent="Boats/CamoBoats" instance=ExtResource("7_82of6")]
transform = Transform3D(0.766044, 0, -0.642788, 0, 1, 0, 0.642788, 0, 0.766044, 32, 0, 150)
_boatSpeed = 27.0
_changeTargetInterval = 33.0

[node name="CamoBoat3" parent="Boats/CamoBoats" instance=ExtResource("7_82of6")]
transform = Transform3D(0.267238, 0, -0.96363, 0, 1, 0, 0.96363, 0, 0.267238, -200, 0, -150)
_boatSpeed = 33.0
_changeTargetInterval = 23.0

[node name="CamoBoat4" parent="Boats/CamoBoats" instance=ExtResource("7_82of6")]
transform = Transform3D(1, 0, 0, 0, 1, 0, 0, 0, 1, -200, 0, 500)
_boatSpeed = 35.0
_changeTargetInterval = 44.0

[node name="FlagBoats" type="Node3D" parent="Boats"]

[node name="FlagBoat" parent="Boats/FlagBoats" instance=ExtResource("8_jtem8")]

[node name="FlagBoat2" parent="Boats/FlagBoats" instance=ExtResource("8_jtem8")]
transform = Transform3D(-0.909236, 0, 0.416281, 0, 1, 0, -0.416281, 0, -0.909236, 0, 0, 50)

[node name="FlagBoat3" parent="Boats/FlagBoats" instance=ExtResource("8_jtem8")]
transform = Transform3D(1, 0, 0, 0, 1, 0, 0, 0, 1, 31.385, 0, 30)
_boatSpeed = 2.0

[node name="FlagBoat4" parent="Boats/FlagBoats" instance=ExtResource("8_jtem8")]
transform = Transform3D(-0.782608, 0, -0.622515, 0, 1, 0, 0.622515, 0, -0.782608, -50, 0, -20)

[node name="RussianBoats" type="Node3D" parent="Boats"]
transform = Transform3D(1, 0, 0, 0, 1, 0, 0, 0, 1, 1250, 0, 568.028)

[node name="RussianBoat" parent="Boats/RussianBoats" instance=ExtResource("8_scbwa")]
transform = Transform3D(1, 0, 0, 0, 1, 0, 0, 0, 1, 100, 0, -300)
_boatSpeed = 44.0
_changeTargetInterval = 10.0

[node name="RussianBoat2" parent="Boats/RussianBoats" instance=ExtResource("8_scbwa")]
transform = Transform3D(1, 0, 0, 0, 1, 0, 0, 0, 1, -200, 0, 0)
_boatSpeed = 33.0
_changeTargetInterval = 12.0

[node name="RussianBoat3" parent="Boats/RussianBoats" instance=ExtResource("8_scbwa")]
transform = Transform3D(1, 0, 0, 0, 1, 0, 0, 0, 1, 0, 0, -151.05)
_boatSpeed = 37.0
_changeTargetInterval = 5.0

[node name="RussianBoat4" parent="Boats/RussianBoats" instance=ExtResource("8_scbwa")]
transform = Transform3D(1, 0, 0, 0, 1, 0, 0, 0, 1, 0, 0, 100)
_changeTargetInterval = 9.0

[node name="YellowStripedBoats" type="Node3D" parent="Boats"]
transform = Transform3D(1, 0, 0, 0, 1, 0, 0, 0, 1, -379.7, 0, 1028)

[node name="YellowStripedBoat" parent="Boats/YellowStripedBoats" instance=ExtResource("9_aahfs")]

[node name="YellowStripedBoat2" parent="Boats/YellowStripedBoats" instance=ExtResource("9_aahfs")]
_boatSpeed = 90.0
_changeTargetInterval = 9.0

[node name="YellowStripedBoat3" parent="Boats/YellowStripedBoats" instance=ExtResource("9_aahfs")]

[node name="YellowStripedBoat4" parent="Boats/YellowStripedBoats" instance=ExtResource("9_aahfs")]
_boatSpeed = 60.0
_changeTargetInterval = 4.0

[node name="FishDecorations" type="Node3D" parent="."]

[node name="FishSwarmGuide" parent="FishDecorations" instance=ExtResource("6_gbhga")]

[node name="FishSwarmGuide2" parent="FishDecorations" instance=ExtResource("6_gbhga")]
transform = Transform3D(1, 0, 0, 0, 1, 0, 0, 0, 1, 2.69358, -871.227, 0)

[node name="FishSwarmGuide3" parent="FishDecorations" instance=ExtResource("6_gbhga")]
transform = Transform3D(1, 0, 0, 0, 1, 0, 0, 0, 1, 2142.71, -871.227, 0)

[node name="FishSwarmGuide4" parent="FishDecorations" instance=ExtResource("6_gbhga")]
transform = Transform3D(1, 0, 0, 0, 1, 0, 0, 0, 1, 2142.71, -871.227, 2352.39)

[node name="AudioStreamPlayer" parent="." instance=ExtResource("9_w7vuu")]
unique_name_in_owner = true
